5588.8000 
2878.2405 
13722.8663 
403276.0000 
10.0000 
4694.2933 
92.8107 
500.0000 
67306.5172 
1199.0000 
192.7290 
2009.4689 
951.9990 
23049.5965 
719.3184 
51415.9345 
9910.0000 
221.0000 
275000.0000 
22130.0000 
100.0000 
1241.7376 
1800.0000 
343.9210 
4326.0000 
207.4732 
2668.8086 
4000.0000 
3360.3645 
17195.8587 
6030.8091 
409.9698 
44.1200 
1000000.0000 
10000.0000 
399.6000 
2071.9066 
31320.7014 
99.9000 
2935.7114 
2375.9096 
17141.0000 
10078.3854 
999.0000 
30877.0083 
400.0000 
1427.8208 
10.0000 
382.7203 
28001.8194 
5622.4801 
2000020.0000 
4415.3456 
310953.0000 
40.0000 
3500100.0000 
20.0000 
319.0000 
1000780.7538 
93400.0000 
50000.0000 
26500.2365 
800.0000 
1046409.0418 
299.7000 
14000.0000 
4178.4278 
64.6544 
3753.1803 
37.3937 
10000.6548 
300.0000 
30219.2822 
499.9200 
5325.0000 
362.3131 
3140.9886 
4000.0000 
5436.6136 
395.0000 
5800.0000 
30700.0000 
2000.0000 
1047.7835 
20.0000 
100000.0003 
218.9923 
1500.5500 
500.0000 
503.4000 
3000.0000 
10099.7569 
2000.0000 
1857.0000 
10268.0000 
4407.8915 
170.0000 
2116.7423 
211000.0000 
453.3000 
213.0000 
460.0000 
100100.0000 
299999.5000 
222.0000 
4000.0000 
500.0000 
793.4898 
4282.0000 
2407.3069 
1217.0000 
711.0000 
49.0000 
271.0000 
505.0000 
400.0000 
515.4549 
8236.7731 
6184.0000 
185.6583 
9208.6143 
425.0000 
5864.8617 
10478.1106 
1456.0000 
3464.9280 
412.8712 
2484.2745 
40000.0000 
1124.0000 
109.0000 
73.0000 
26.3654 
180.0000 
34783.3927 
43.8486 
864.8222 
2006.2347 
206.2528 
13121.8388 
9674.9549 
20000.0000 
857.7900 
3315.2962 
4014.4274 
1045.2569 
220.0000 
115.8266 
6402.7182 
2094.8890 
158.3142 
21026.7733 
4434.8000 
1616.0000 
1132.0000 
401.7450 
8598.0000 
270.0684 
6011.0000 
600.0000 
318470.7898 
353.0000 
404.6519 
2113.4082 
195.2467 
237.7500 
419.7071 
1890.7616 
3114.6187 
4200.0000 
366.1273 
2427.7365 
1000.0000 
120.0000 
5446.2700 
200.0000 
4193.7990 
100.5748 
109.0000 
400.0000 
7852.0000 
6193.5409 
1878.4000 
6163.0000 
100.0000 
2096.7114 
5146.1330 
5000.0000 
370.5494 
17375.0000 
452.0000 
2450.0000 
2450.0000 
506.1684 
885.9456 
490.0000 
1196.8950 
5584.8641 
465.5946 
9785.0685 
328.5205 
36010.0000 
525.0000 
355.8224 
44.9700 
497.5289 
264.5065 
703.5022 
7233.7941 
4740.0000 
9633.0000 
433.0000 
30.0000 
5073.5881 
14599.4984 
304.5593 
524.0000 
58.0538 
586.1570 
419.0000 
1362700.0000 
151.0000 
100.0000 
67549.0000 
588.0000 
100000.0000 
532.0000 
1003.9780 
167.8359 
673.0861 
50.0000 
225.9000 
82590.0000 
2744.0000 
2583.0000 
3910.9868 
117.3260 
5600.0000 
85.0000 
1300.0000 
43.6600 
16.3122 
5886.8771 
14.6400 
5189.0000 
1458.0000 
7000.0000 
122.0000 
66.4953 
879.5002 
342.2035 
2200.0000 
3200.0000 
397.5199 
103.7552 
289.6749 
1101.3762 
131.3869 
50000.0000 
1026.5512 
805.8768 
1005.0000 
88329.3067 
1063267.0000 
5578.9287 
2081.2174 
500.5966 
79394.0000 
681.7482 
18345.9489 
23432.9525 
2085.9675 
10000.0781 
22560.3800 
924.9000 
136.4566 
10411.0000 
1100.0000 
16.3238 
147.0522 
4999.8515 
53350.0000 
44.0000 
2000.0000 
30.0000 
2153.0000 
667.6153 
22.0000 
20602.8301 
6828.7538 
10000.8782 
6272.9119 
180.0000 
465.7860 
39.6290 
550.0000 
900.0000 
54980.0000 
153.6588 
4864.0434 
12093.0000 
4000.0000 
761.0000 
15056.4242 
2021.0000 
8499.0000 
2006.0000 
14223.9711 
26044.0000 
5525.9128 
450.0000 
7985.6709 
11150.0000 
1256.0000 
1408.2202 
1464.0000 
37134.0000 
41000.0000 
300.0000 
20000.0000 
68311.1157 
12437.4319 
672.3863 
2000.0000 
390.0000 
692.0000 
879.0000 
3471.0000 
3808.0000 
19410.6045 
10229.1894 
23013.0000 
2076.0000 
28000.0000 
2823.6496 
27355.7888 
3328.9811 
4000.0000 
680.0000 
4014.0896 
21142.0000 
48.2735 
5001.0000 
14516.2474 
53433.5424 
6081.3854 
3480.7981 
276.0000 
751.9219 
30.0000 
283.6290 
15000.0000 
4752.0000 
34.7294 
10000.0000 
8944.9383 
118.4556 
21457.8481 
2514.1894 
2022.0000 
121865.0816 
155.0000 
500.0000 
500.0000 
1804.3754 
210.8736 
184.0000 
415.3574 
61.2365 
343.0000 
1007.9900 
27220.0000 
2758.0000 
738.0000 
2464.2779 
147.0000 
2417.3356 
10433.2302 
1000.0000 
24902.1674 
276.7263 
29958.4872 
30.0000 
102.6005 
3890.0000 
59.3097 
725.3721 
11746.9200 
3264.7580 
708.0000 
4096.7505 
127.7470 
10136.5617 
14000.0000 
12056.0000 
169.0000 
72219.5412 
1110.9760 
11006.8833 
436.3618 
1921.1911 
5000.7605 
43119.4750 
5839.3850 
19000.0000 
8500.0000 
373.2648 
15417.0000 
2000000.0000 
22.9800 
2600.0000 
136.2039 
101.3737 
702.0000 
2023.3045 
8054.8871 
259.5000 
1002.0000 
23179.8377 
1027.5293 
25588.0000 
4058.9351 
2310.1705 
196.3729 
10.0000 
2972.4740 
10602.5178 
100.0000 
313.2857 
526.9185 
6872.0000 
545.3100 
12019.0000 
10477.8891 
200.2325 
357.0000 
6282.3957 
3000.0000 
465.0000 
1474.0000 
4584098.6223 
2174.0000 
472.6886 
260.8448 
3115.8894 
5017.5060 
5225.0000 
100.0000 
1305.8854 
3373.0000 
1073.7347 
6461.0000 
6456.0000 
4100.0000 
5115.9267 
1039.9110 
2183.2676 
434.0000 
2000.0000 
101.7400 
12888.6008 
1802.4083 
5786.5854 
227.1973 
100.0000 
500.0000 
115458.5787 
400.0000 
1570.1788 
100.0000 
390.8698 
5157.4656 
1000.0000 
111.7134 
675.3965 
975.0000 
400.0000 
6389.4300 
10876.4762 
1998.0000 
426.4952 
304.6123 
36.7128 
26691.0446 
34.0000 
119.0000 
1456.2554 
2178.1689 
269.6900 
10971.0000 
742.6463 
4098334.8453 
3326.9288 
666.1046 
172.0000 
1437.2671 
1530.8401 
784.0000 
2011.4913 
11986.4531 
682.0000 
250000.0000 
193.8734 
2719.0000 
1970.2815 
11662.6150 
400.0000 
130.0000 
34176.7121 
82746.0000 
8440.0000 
2000.0000 
1399.6874 
3430.9528 
313.0000 
3069.0000 
30379.0000 
11471.7184 
3271.2864 
199.0000 
151.5526 
1000.0000 
7175.6789 
4974.9146 
3390.0000 
3700.0000 
10502.0000 
100.0000 
167.1051 
77777.7777 
12503.0000 
1110.0000 
43036.6670 
55634.9016 
1026.8076 
54.3629 
50.1335 
229.0219 
38.0489 
9465.7383 
440.3767 
777.1166 
7477.0000 
400.0000 
183.8996 
225.2380 
357.0000 
3001.0000 
1400.0000 
1998.0000 
3926.3285 
10.0000 
3000.0000 
124.0000 
300.2376 
2023.2872 
100.0000 
290.0000 
30000.0000 
501.8888 
10.5000 
2779.0000 
249.3467 
480.0000 
1099.6026 
984.6429 
100.0000 
11600.7566 
1037515.0000 
19613.6756 
20441.0000 
807.0289 
560.0000 
2156.6927 
246.0000 
500.0000 
8191.7373 
3465.3598 
900.0000 
5000.0000 
738.4266 
2000.1333 
50.0000 
2062.2718 
511.9885 
870.0000 
578.2517 
7000.0000 
93.0000 
90.0000 
10544.7720 
315.0000 
1518.6035 
2061.0000 
7074.6125 
7506.0000 
2526.6424 
7348.4123 
5000.0000 
100.0000 
1206.8678 
4900.0000 
29098.0000 
91000.0000 
68.4925 
160.0392 
791.0000 
284.0000 
150.0000 
2000.0000 
323.0000 
600.0000 
12530.0000 
17000.0000 
100.0000 
372.2541 
200.0000 
727.6186 
180.0000 
2603.7309 
400.0000 
42.0000 
10.0000 
40.1543 
1406.0000 
203.7238 
1530.0805 
920.0000 
3000.0000 
586.0000 
6721.8120 
4017.7420 
1656.8232 
6401.0000 
2176.9862 
451.4638 
699.0000 
6496.5553 
58.3816 
106.0001 
509.0000 
50.0042 
1344.3315 
1502601.9730 
48000.0000 
9502.9818 
190.0000 
549.9921 
1098.1680 
137.6407 
2476.6126 
413.3462 
10000.0000 
5800.0000 
1908.2750 
3923.3851 
1027.0000 
456.0000 
2686.2446 
26611.6573 
1067.0000 
107823.4129 
2994.0000 
101.4951 
417.1944 
149.8321 
1100.0000 
98.0000 
809.9064 
4000.0000 
112.4240 
120000.0000 
341.0000 
3287.8148 
1596.0000 
765.0000 
3106.2887 
1437.5514 
5675.3471 
2676.7320 
1500.4905 
8262.0000 
167643.6381 
513.0301 
2026188.4177 
1044.0000 
660.0000 
84395.9078 
25644.1093 
14.7340 
22106.4462 
447.8576 
1451.0000 
3293.6908 
174.2316 
2152.5033 
582.0376 
2903.5330 
374.9847 
6229.0000 
799.3622 
1200.0000 
4114.6996 
3398.0000 
500.8990 
4000.0000 
30.0000 
395.3664 
12000.0000 
17864.8468 
20300.0000 
418.4981 
3403.9002 
299.2186 
9369.3785 
14132.0000 
353.6669 
1003921.7086 
16756.0000 
311.0000 
6119.2104 
1401.2020 
93.8470 
5246.0000 
4353.0000 
6536.0000 
15023.0000 
1050.0000 
230.0528 
141.2072 
2006.0697 
49.0000 
1000.0000 
2545.0804 
1264.0000 
10763.0000 
27589.2964 
2708.0000 
555.3725 
413.7611 
549.5649 
70.0000 
6033.8930 
3105.6053 
265548.7246 
274.0000 
200.3815 
3098.0990 
1209984.9137 
439.0000 
1557.3444 
401.8520 
1504.1653 
75879.0000 
3509.4246 
6000.0000 
582.0534 
7962.2537 
11797.3940 
37791.0000 
2050.0000 
1000000.0000 
3943.5183 
755.0000 
6200.0000 
1500.0000 
2726.8351 
191.5180 
624.0000 
2559.1440 
2403.0000 
2006.0960 
4341.8501 
8824.3540 
30000.0000 
2515.9651 
3180.6350 
225196.0000 
173391.8298 
541.0000 
14.0000 
20.0000 
1439.9894 
595.9497 
4700.0000 
1400.0000 
211.8526 
24038.0890 
4862.2850 
2500.0000 
797.0969 
11581.1737 
2239.4666 
5039.0000 
1047.5000 
313917.0084 
467748.1567 
11000.0000 
1705.0000 
48963.8000 
2411.0715 
184.0118 
1017751.0000 
2009.6905 
314.4389 
3000.0000 
102.6277 
343.7924 
404.0674 
3627.3506 
700.7738 
137.0000 
13477.7278 
1679.0000 
119.5575 
3046.5074 
10103.5000 
133.5000 
1623394.8754 
1173.0000 
40.0000 
260.5857 
2770.0000 
256.2077 
131630.0000 
238.4602 
594.0000 
37000.0000 
1047.0000 
27.0000 
300.0000 
871.0000 
1677.0000 
32523.7903 
1017.0953 
29085.9663 
2326.3166 
172271.7412 
11340.0000 
994.2013 
1000.0000 
569.9000 
9603.9741 
52.0000 
13761.5498 
1045.0000 
10795.7759 
990.0000 
1120390.0000 
397.0000 
1199.6373 
1500.0000 
100.0000 
3339.1527 
34625.0000 
910.4803 
500.0000 
80100.0000 
107.0000 
1110.0000 
7463.0000 
80277.0000 
9809.7318 
100.0000 
4000.1192 
17.0000 
18000.0000 
21.0000 
724.0000 
10000.0000 
1176.4809 
3474.0000 
1000.0000 
818.0000 
3367.0000 
4403.6820 
2031.8310 
2670299.5900 
1239.2886 
100.0000 
4706.2013 
1600.0000 
5964.7905 
19.3870 
2022.2785 
1519.0000 
16535.0000 
4337.3131 
524.2827 
73.1750 
139.1015 
39.6580 
1348.0000 
1147.0000 
8955.0000 
5618.0000 
7105.0000 
4150.0000 
187.2815 
50831.0000 
57.2450 
7077.0000 
1058.0000 
300.0000 
15457.7900 
1250.5000 
620.6726 
4853.5408 
1030.0000 
34.4447 
100.0000 
2465.5793 
1017.8263 
120120.4804 
1118.0000 
2789.7895 
751.5155 
100.0000 
103.0000 
656.0000 
41945.0545 
7174.0000 
253.1623 
2162.1270 
14.8500 
7619.0000 
502.2436 
1424.1370 
10279.2727 
3400.0000 
102.8000 
124.2500 
180.0000 
700.0000 
330.0000 
827.9406 
14100.0000 
3751.3484 
1000000.0000 
3961.3086 
1901.3345 
4096.0000 
3900.0000 
50.0000 
3058.5141 
2089.3559 
1373.8154 
2450.0000 
150.0000 
35188.0072 
40263.0176 
953.9795 
1049.0000 
23707.3465 
4148.2307 
85000.0000 
700.0000 
391.7555 
8010.0000 
10456.2549 
12186.7745 
61.0000 
8584.5297 
320.0000 
50.0000 
1004.4200 
50122.4487 
3861.5544 
2100.0000 
139.0000 
496.0000 
120.0000 
500.0000 
265.6145 
7937.0000 
1747.4289 
2217.0000 
5972.5594 
200.0000 
310.6700 
1240.9514 
3013.0377 
1001273.7328 
1630.0000 
276.9603 
303.5569 
357.0000 
498.5918 
4844.8597 
3276.0000 
4603.0000 
8350.0000 
4898.4000 
222.8174 
5050.0000 
6105.0000 
940.6478 
7331.1400 
2138.9071 
929.0540 
3031.1942 
3029.1210 
373.9000 
4625.0000 
500.0000 
1585.3149 
18661.0000 
2000.0000 
457.0000 
100.0000 
201.7711 
26.0000 
123.9480 
989.6102 
13418.0000 
87.1627 
941.0000 
331.0000 
699.4178 
25880.0000 
24.0000 
2139.0000 
127.9780 
2912.1049 
2500.0000 
3355.5099 
249.8794 
3365.0000 
500.0000 
37.4738 
301.4000 
1417.0000 
331.0000 
400.0000 
727.0000 
234.0000 
295.0000 
6108.5400 
3132.3676 
665.0000 
1700.0000 
40.0000 
594.5150 
1002.0000 
105.8037 
120.5751 
27792.0000 
2039.0000 
2500.5000 
1001.0000 
102.0000 
9141.0000 
155.9234 
2509.3983 
1137.4328 
147.1956 
4002.0000 
1631.8535 
1736.3635 
821.3760 
1039.5157 
439.0000 
3712.6821 
460.3452 
299.0000 
385.6500 
1873.9887 
25.8273 
1100.0000 
407.0000 
2050.0000 
204.3950 
390.0000 
1271.0000 
501.0000 
54.1692 
111.5984 
116.4700 
255.7962 
1350.0000 
255.1800 
2220.9760 
2200.0000 
55.2155 
18466.0000 
480.0001 
10266.5300 
18775.7128 
129.4696 
500.0000 
3008.0288 
200.0000 
63.6080 
9569.0000 
4464510.9449 
1003.7218 
108.0000 
1261.6881 
100.0000 
63.2176 
2000.0000 
6429.7963 
500.3000 
492.0000 
6436.1927 
3151.7367 
3002.2537 
34.0000 
450.0000 
871.5210 
247425.3719 
7275.3701 
77516.0000 
1200.0000 
3190.0000 
92.7497 
74.2765 
314.7394 
197.2571 
1000.0000 
5293.1532 
3359.0000 
14000.4122 
2424.1431 
25.0000 
131.9338 
10.0000 
300.0000 
116.0000 
2500.0000 
2155.0000 
835.0000 
118.6158 
20000.0000 
334000.0000 
570.0000 
27770.0000 
4041.2092 
2503.1412 
16467.0000 
2450.0000 
816.0507 
31.5420 
11980.0000 
128.8192 
124.2354 
3398.0000 
175.1233 
2162.4055 
100.0000 
129.5411 
2420.0000 
28730.0000 
1016858.5493 
2450.0000 
1641.1854 
700.0000 
42.8953 
1242.6000 
797.7756 
530.0000 
225.0000 
11489.8311 
971.8668 
4568.4802 
1800.3528 
1049.8083 
524.5788 
529.0000 
210.8771 
5092.8447 
235.0000 
57.0000 
18668.0000 
300.0000 
3742.0000 
299.0000 
200.0000 
200.0350 
608.0000 
2292.5696 
6505.0666 
3717.0000 
398.7099 
220.0000 
106.7118 
356.6584 
2200.0000 
14653.2651 
649.0000 
1250.3000 
125.9431 
9999.8122 
41.5986 
555.0000 
102529.8500 
913.4164 
3275.2646 
4862.0000 
152.8757 
1056.4619 
113.5790 
138.4318 
1000.0000 
26.7000 
1842.0000 
9987.0534 
13000.0000 
3350.0000 
1232.1269 
3013.4201 
3000.5589 
1583.7776 
399.0847 
486.6300 
5420.0000 
3845.0000 
215.0000 
3653.7200 
512.4000 
1037.2402 
370.4280 
110.0000 
4244.0300 
231.0000 
730488.0000 
27393.0000 
5000.7580 
5009.0000 
51.6352 
256.8807 
35600.0000 
103.5000 
959.7061 
359.0000 
15000.0000 
15000.0000 
26699.4866 
15000.0000 
14020.1543 
1636.0000 
50377.0000 
100.0000 
4993.3631 
1000.0000 
151212.0000 
904.0000 
23229.7372 
17600.0000 
16020.0000 
521.6312 
536.0000 
265.0000 
83.3120 
24.8421 
107.2421 
5020.0000 
3238.0000 
350.1186 
43.3700 
69.0000 
155.9900 
13465.4313 
75.0000 
10213.3232 
56.0000 
15.1200 
849.0000 
770.1750 
2224.4871 
9660.4863 
40.0000 
200.0000 
7790.0000 
578.4600 
4785.7300 
300010.0000 
421.4636 
14000.0000 
12000.0000 
1002.2153 
4019.0000 
15.0000 
605.0000 
793.0000 
959.1787 
3317.5193 
214482.3982 
586.2345 
190997.8164 
20.0000 
100.0000 
23372.5520 
4454.6845 
3072.0000 
67830.0000 
500.0000 
4445.5659 
285.0000 
101.0000 
6203.0000 
11471.0000 
308.6059 
181.7406 
40.6107 
3230.0599 
67023.6960 
93600.0000 
457.0000 
132.2700 
1500.0000 
2881.4466 
104.4558 
1600000.0000 
144344.7082 
2311.0000 
100.0000 
4418.5210 
270.0000 
5104.8189 
252.6041 
5039.8367 
833.2927 
1996.0806 
1510.8010 
9000.0000 
3007.1445 
759.0000 
4433.3806 
400.0000 
46.6063 
1422.3074 
4015.3849 
116.4400 
28.0000 
1242.0000 
427.1393 
120.0000 
2385.5367 
101.0000 
3943.5239 
2519.2114 
304.5086 
60.0000 
3316.1997 
101.0000 
1085.0000 
1000.0000 
619.9188 
1085.4634 
15102.7800 
252.9483 
92.4155 
36.8039 
280.0000 
14350.9081 
101.0911 
519.8791 
400.0000 
3470.8573 
615.4000 
1605.1342 
2800.0000 
3544.4263 
8999.0000 
3315.0410 
246.0000 
77.0123 
2511.0000 
134.8100 
1525.3902 
192.3072 
104.4887 
100.0000 
19.6666 
326.7117 
468.0000 
5576.0554 
740.0000 
880.4300 
65.0000 
3872.6800 
14.0000 
34.7000 
35.4143 
3598.1360 
1418.6141 
97.3800 
20308.0000 
432.0000 
146.0000 
5182.0000 
128.5000 
100.0000 
775.2409 
17561.5000 
390.4263 
10937.1995 
538.0687 
2546.4539 
5000.0000 
100.0000 
103.8500 
9050.6925 
2429.1000 
12.2916 
440.0000 
120.0500 
11197.7900 
2498.9000 
565.0000 
79.6300 
104.9783 
49.1705 
598.9000 
156.9863 
140.0000 
1666.8266 
696.3000 
19.7000 
20004.1546 
3575.0000 
4163.0000 
954.1626 
1950.0000 
194.0000 
2450.0000 
2450.0000 
2450.0000 
47.8900 
4000.0000 
27.7719 
113.0000 
1001.2918 
629.0000 
1000.0000 
25231.8000 
2049.1386 
300.0000 
374.2000 
334.6300 
170.0000 
305000000.0000 
3289267.3514 
709.0000 
1424.6859 
1000.0000 
1029.2434 
91.0000 
30020.0000 
1320050.0000 
610020.0000 
554.3736 
6045.4540 
3866.5454 
300.0000 
14498.6474 
20050.0000 
13585.0000 
1500.0000 
100000.0000 
3225.7370 
50.0000 
922.2245 
25306.0000 
133175.0000 
1983.7449 
167.9132 
38384.0000 
2510809.0000 
1412.1672 
37.1746 
301.3000 
1089.4640 
59798.7440 
300.0000 
19134.0646 
570.6952 
205.1069 
179366.0240 
193.1287 
87.8147 
199.2000 
2113.5225 
248.0000 
2433.0242 
100.0000 
922.2245 
10.0000 
1983.7449 
167.9132 
38384.0000 
2510809.0000 
1412.1672 
37.1746 
301.3000 
1089.4640 
59798.7440 
300.0000 
19234.0646 
570.6952 
205.1069 
179366.0240 
193.1287 
87.8147 
199.2000 
2113.5225 
248.0000 
2433.0242 
100.0000 
20.0000 
1000.0000 
1000.5725 
20000.0000 
300.0000 
1033.6874 
6200.0000 
10.0000 
4994.9690 
199.8000 
40.0000 
998.0629 
2000.0000 
1098.8900 
15075.3937 
3000.0000 
499.5000 
18385.1004 
805.0000 
8676.7000 
1081.0000 
855.3858 
2699.0000 
88.0000 
2000.0000 
66973.0000 
2399.8530 
151.0000 
10.6383 
151627.4768 
313.0000 
1217.7000 
101.0108 
2086057.4419 
400.0000 
1000.0000 
6859.0000 
3108.2751 
222.2991 
1701500.0000 
1000100.0000 
10000.0000 
32800.7035 
